   
26.32 949.937 0 1
26.37 949.153 0 2
26.34 948.931 0 2
26.37 948.425 0 2
26.35 948.109 0 2
26.36 518.976 0 2
26.40 947.486 0 2
26.37 947.247 0 2
26.38 947.001 0 2
26.40 946.804 0 2
26.39 946.798 0 2
26.39 518.825 0 2
26.42 945.910 0 2
26.40 945.490 0 2
   
26.42 944.087 0 2
-33.8 943.818 0 2
26.45 943.484 0 2
26.42 942.966 0 2
-33.8 942.543 0 2
26.45 941.951 0 2
26.43 941.533 0 2
26.49 941.102 0 2
26.45 940.628 0 2
26.45 939.925 0 2
26.48 939.630 0 2
26.45 939.108 0 2
26.46 938.717 0 2
26.47 937.844 0 2
26.46 606.290 0 2
26.49 937.695 0 2
26.47 937.783 0 2
26.46 937.725 0 2
26.50 937.732 0 2
26.47 937.693 0 2
-33.8 937.559 0 2
   
-126. 946.787 0 2
26.48 937.686 0 2
26.48 937.660 0 2
26.47 937.694 0 2
26.46 937.816 169 19374
26.40 937.914 42 12785
26.36 937.993 164 65535
25.94 940.492 45 14309
   
25.84 945.853 40 12914
   
   
   
   
   
